f = @(x)sin(x)./x;
y=(1:5);
f(y)

ans =

    0.8415    0.4546    0.0470   -0.1892   -0.1918

g = @(x,y)x*y;
g(2,3)

ans =

     6

forward_heat(10,10,20,250:215)
{Unrecognized function or variable
'forward_heat'.
} 
forward_heat_00(10,10,20,250:215)
{Error using <a href="matlab:matlab.lang.internal.introspective.errorDocCallback('mrdivide')" style="font-weight:bold"> / </a>
Matrix dimensions must agree.

Error in <a href="matlab:matlab.lang.internal.introspective.errorDocCallback('forward_heat_00', 'C:\Users\henry\OneDrive\Documents\MATLAB\Practical 3\forward_heat_00.m', 5)" style="font-weight:bold">forward_heat_00</a> (<a href="matlab: opentoline('C:\Users\henry\OneDrive\Documents\MATLAB\Practical 3\forward_heat_00.m',5,0)">line 5</a>)
tau=T/M;
     ^
} 
forward_heat_00(10,10,20,250)

gamma =

    0.1600


ans =

  Columns 1 through 4

         0    0.5000    1.0000    1.5000

  Columns 5 through 8

    2.0000    2.5000    3.0000    3.5000

  Columns 9 through 12

    4.0000    4.5000    5.0000    5.5000

  Columns 13 through 16

    6.0000    6.5000    7.0000    7.5000

  Columns 17 through 20

    8.0000    8.5000    9.0000    9.5000

  Column 21

   10.0000

forward_heat_00(100,100,20,250)

gamma =

    0.0160


ans =

  Columns 1 through 8

     0     5    10    15    20    25    30    35

  Columns 9 through 16

    40    45    50    55    60    65    70    75

  Columns 17 through 21

    80    85    90    95   100

forward_heat_00(1000,1000,20,250)

gamma =

    0.0016


ans =

  Columns 1 through 4

           0          50         100         150

  Columns 5 through 8

         200         250         300         350

  Columns 9 through 12

         400         450         500         550

  Columns 13 through 16

         600         650         700         750

  Columns 17 through 20

         800         850         900         950

  Column 21

        1000

forward_heat_00(1000,1000,200,250)

gamma =

    0.1600


ans =

  Columns 1 through 4

           0           5          10          15

  Columns 5 through 8

          20          25          30          35

  Columns 9 through 12

          40          45          50          55

  Columns 13 through 16

          60          65          70          75

  Columns 17 through 20

          80          85          90          95

  Columns 21 through 24

         100         105         110         115

  Columns 25 through 28

         120         125         130         135

  Columns 29 through 32

         140         145         150         155

  Columns 33 through 36

         160         165         170         175

  Columns 37 through 40

         180         185         190         195

  Columns 41 through 44

         200         205         210         215

  Columns 45 through 48

         220         225         230         235

  Columns 49 through 52

         240         245         250         255

  Columns 53 through 56

         260         265         270         275

  Columns 57 through 60

         280         285         290         295

  Columns 61 through 64

         300         305         310         315

  Columns 65 through 68

         320         325         330         335

  Columns 69 through 72

         340         345         350         355

  Columns 73 through 76

         360         365         370         375

  Columns 77 through 80

         380         385         390         395

  Columns 81 through 84

         400         405         410         415

  Columns 85 through 88

         420         425         430         435

  Columns 89 through 92

         440         445         450         455

  Columns 93 through 96

         460         465         470         475

  Columns 97 through 100

         480         485         490         495

  Columns 101 through 104

         500         505         510         515

  Columns 105 through 108

         520         525         530         535

  Columns 109 through 112

         540         545         550         555

  Columns 113 through 116

         560         565         570         575

  Columns 117 through 120

         580         585         590         595

  Columns 121 through 124

         600         605         610         615

  Columns 125 through 128

         620         625         630         635

  Columns 129 through 132

         640         645         650         655

  Columns 133 through 136

         660         665         670         675

  Columns 137 through 140

         680         685         690         695

  Columns 141 through 144

         700         705         710         715

  Columns 145 through 148

         720         725         730         735

  Columns 149 through 152

         740         745         750         755

  Columns 153 through 156

         760         765         770         775

  Columns 157 through 160

         780         785         790         795

  Columns 161 through 164

         800         805         810         815

  Columns 165 through 168

         820         825         830         835

  Columns 169 through 172

         840         845         850         855

  Columns 173 through 176

         860         865         870         875

  Columns 177 through 180

         880         885         890         895

  Columns 181 through 184

         900         905         910         915

  Columns 185 through 188

         920         925         930         935

  Columns 189 through 192

         940         945         950         955

  Columns 193 through 196

         960         965         970         975

  Columns 197 through 200

         980         985         990         995

  Column 201

        1000

forward_heat_00(1000,1000,2000,250)

gamma =

    16


ans =

   1.0e+03 *

  Columns 1 through 4

         0    0.0005    0.0010    0.0015

  Columns 5 through 8

    0.0020    0.0025    0.0030    0.0035

  Columns 9 through 12

    0.0040    0.0045    0.0050    0.0055

  Columns 13 through 16

    0.0060    0.0065    0.0070    0.0075

  Columns 17 through 20

    0.0080    0.0085    0.0090    0.0095

  Columns 21 through 24

    0.0100    0.0105    0.0110    0.0115

  Columns 25 through 28

    0.0120    0.0125    0.0130    0.0135

  Columns 29 through 32

    0.0140    0.0145    0.0150    0.0155

  Columns 33 through 36

    0.0160    0.0165    0.0170    0.0175

  Columns 37 through 40

    0.0180    0.0185    0.0190    0.0195

  Columns 41 through 44

    0.0200    0.0205    0.0210    0.0215

  Columns 45 through 48

    0.0220    0.0225    0.0230    0.0235

  Columns 49 through 52

    0.0240    0.0245    0.0250    0.0255

  Columns 53 through 56

    0.0260    0.0265    0.0270    0.0275

  Columns 57 through 60

    0.0280    0.0285    0.0290    0.0295

  Columns 61 through 64

    0.0300    0.0305    0.0310    0.0315

  Columns 65 through 68

    0.0320    0.0325    0.0330    0.0335

  Columns 69 through 72

    0.0340    0.0345    0.0350    0.0355

  Columns 73 through 76

    0.0360    0.0365    0.0370    0.0375

  Columns 77 through 80

    0.0380    0.0385    0.0390    0.0395

  Columns 81 through 84

    0.0400    0.0405    0.0410    0.0415

  Columns 85 through 88

    0.0420    0.0425    0.0430    0.0435

  Columns 89 through 92

    0.0440    0.0445    0.0450    0.0455

  Columns 93 through 96

    0.0460    0.0465    0.0470    0.0475

  Columns 97 through 100

    0.0480    0.0485    0.0490    0.0495

  Columns 101 through 104

    0.0500    0.0505    0.0510    0.0515

  Columns 105 through 108

    0.0520    0.0525    0.0530    0.0535

  Columns 109 through 112

    0.0540    0.0545    0.0550    0.0555

  Columns 113 through 116

    0.0560    0.0565    0.0570    0.0575

  Columns 117 through 120

    0.0580    0.0585    0.0590    0.0595

  Columns 121 through 124

    0.0600    0.0605    0.0610    0.0615

